turn,trajectory_id,ablation_mode,student_input,final_response,problem_solved,reflection_count,next_agent,emotion,verif_parseable,verif_error_type,verif_problem_solved,verif_answer,orchestrator_instruction,error_detection,math_guidance,premature_answer,state_regression,meta_timing,notes
1,strong_02_run1,single,How do I solve 3/4 - 1/6?,"To subtract these fractions, you first need a common denominator. What is the smallest number that both 4 and 6 divide into evenly?",False,0,SingleAgent,neutral,,,,,,,,,,,
2,strong_02_run1,single,The common denominator is 12,"Great, since 12 is the common denominator, how would you rewrite 3/4 as a fraction with 12 as the denominator?",False,0,SingleAgent,neutral,,,,,,,,,,,
3,strong_02_run1,single,So I get 3/4 = 3/4 * 3/3 = 9/12,"Good, you correctly converted 3/4 to 9/12. Now, how would you rewrite 1/6 so that it also has a denominator of 12?",False,0,SingleAgent,neutral,,,,,,,,,,,
4,strong_02_run1,single,1/6 = 1/6 * 2/2 = 2/12,"Now that both fractions are expressed with the denominator 12, what is the result when you subtract the new numerator of the second fraction from the numerator of the first?",False,0,SingleAgent,neutral,,,,,,,,,,,
5,strong_02_run1,single,"Then subtraction, 9/12 - 2/12 = 7/12, the final answer is 7/12","You have correctly converted both fractions and performed the subtraction to get 7/12. Before we consider this complete, can you check if the fraction 7/12 can be simplified further by finding any common factors between the numerator and the denominator?",False,0,SingleAgent,neutral,,,,,,,,,,,
6,strong_02_run1,single,The key was converting both fractions to the same denominator so the numerators could be subtracted directly.,"You have correctly identified the key strategy and found the result 7/12. Now, please check if 7/12 can be simplified further by looking for any common factors between 7 and 12.",False,0,SingleAgent,neutral,,,,,,,,,,,
7,strong_02_run1,single,"Right, 7/12 is the final result.","You have correctly identified the result as 7/12, but let's verify one last time: does the number 7 share any common factors with 12 other than 1?",False,0,SingleAgent,neutral,,,,,,,,,,,
